表4-1
科系別學生人數統計
學年度
學校代碼
學校名稱
日夜別
等級別
科系代碼
科系名稱
學生數總計
一年級
二年級
三年級
四年級
五年級
六年級
七年級
延修生
計
男
女
男
女
男
女
男
女
男
女
男
女
男
女
男
女
男
女
YEAR
SCODE
SNAME
DNS
LEVEL
BCODE
BNAME
T
M
F
M1
F1
M2
F2
M3
F3
M4
F4
M5
F5
M6
F6
M7
F7
M8
F8
94
8
國立中央大學
TOTAL
全校班級
10803
7631
3172
2393
1020
2266
931
1396
616
1023
516
149
23
70
10
59
5
275
51
94
8
國立中央大學
學士班
共計
5437
3667
1770
872
444
862
454
879
404
779
417
0
0
0
0
0
0
275
51
94
8
國立中央大學
D
B
221101
中國文學系
207
30
177
6
44
12
36
2
44
7
38
3
15
94
8
國立中央大學
D
B
221503
英美語文學系
215
26
189
5
38
4
48
6
45
5
46
6
12
94
8
國立中央大學
D
B
221504
法國語文學系
167
24
143
7
33
8
37
3
32
2
32
4
9
94
8
國立中央大學
D
B
460101
數學系
359
294
65
61
12
59
16
70
15
60
19
44
3
94
8
國立中央大學
D
B
423202
物理學系
220
196
24
43
3
51
9
42
8
46
3
14
1
94
8
國立中央大學
D
B
421201
化學學系
158
114
44
29
12
28
10
22
13
30
9
5
94
8
國立中央大學
D
B
420208
生命科學系
144
82
62
21
16
28
12
12
21
19
12
2
1
94
8
國立中央大學
D
B
541601
土木工程學系
360
288
72
76
22
55
28
63
8
63
12
31
2
94
8
國立中央大學
D
B
544201
機械工程學系
593
542
51
124
15
107
16
138
9
126
11
47
94
8
國立中央大學
D
B
541208
化學工程與材料工程學系
229
186
43
38
15
47
13
44
10
43
5
14
94
8
國立中央大學
D
B
343401
企業管理學系
446
180
266
43
67
51
59
46
61
32
76
8
3
94
8
國立中央大學
D
B
464105
資訊管理學系
411
273
138
66
35
63
40
73
25
59
37
12
1
94
8
國立中央大學
D
B
343606
財務金融學系
266
126
140
26
39
32
31
29
34
29
34
10
2
94
8
國立中央大學
D
B
301201
經濟學系
236
110
126
28
31
29
25
31
29
19
41
3
94
8
國立中央大學
D
B
542201
電機工程學系
451
402
49
89
13
102
13
97
12
91
11
23
94
8
國立中央大學
D
B
464103
資訊工程學系
419
369
50
89
14
83
17
85
11
80
8
32
94
8
國立中央大學
D
B
542221
通訊工程學系
161
128
33
43
12
41
16
44
5
94
8
國立中央大學
D
B
425201
大氣科學學系
214
172
42
47
7
40
11
43
9
36
14
6
1
94
8
國立中央大學
D
B
422201
地球科學學系
181
125
56
31
16
22
17
29
13
32
9
11
1
94
8
國立中央大學
D
M
SUBT2
碩士班
共計
2807
1987
820
901
369
869
303
164
97
53
51
0
0
0
0
0
0
0
0
94
8
國立中央大學
D
M
221101
中國文學系碩士班
60
12
48
6
13
2
12
3
15
1
8
94
8
國立中央大學
D
M
221503
英美語文學系碩士班
45
13
32
7
8
2
9
1
8
3
7
94
8
國立中央大學
D
M
221504
法國語文學系碩士班
22
5
17
4
2
4
2
3
1
6
94
8
國立中央大學
D
M
227101
哲學研究所碩士班
45
17
28
5
11
5
5
4
5
3
7
94
8
國立中央大學
D
M
225103
歷史研究所碩士班
44
30
14
6
6
8
2
8
5
8
1
94
8
國立中央大學
D
M
183207
藝術學研究所碩士班
44
8
36
2
7
3
7
2
10
1
12
94
8
國立中央大學
D
M
149920
學習與教學研究所碩士班
28
4
24
1
10
1
8
2
4
2
94
8
國立中央大學
D
M
460101
數學系碩士班
62
45
17
21
7
15
7
6
3
3
94
8
國立中央大學
D
M
423202
物理學系碩士班
91
75
16
30
6
27
7
15
2
3
1
94
8
國立中央大學
D
M
421201
化學學系碩士班
113
78
35
37
16
36
16
5
3
94
8
國立中央大學
D
M
420208
生命科學系碩士班
46
18
28
9
10
6
10
3
7
1
94
8
國立中央大學
D
M
461102
統計研究所碩士班
43
27
16
9
8
13
7
2
1
3
94
8
國立中央大學
D
M
542211
光電科學研究所碩士班
125
114
11
49
6
53
5
9
3
94
8
國立中央大學
D
M
500608
認知與神經科學研究所碩士班
17
5
12
2
6
2
5
1
1
94
8
國立中央大學
D
M
425206
天文研究所碩士班
25
17
8
7
4
9
2
1
2
94
8
國立中央大學
D
M
500613
生物物理研究所碩士班
4
2
2
2
2
94
8
國立中央大學
D
M
541601
土木工程學系碩士班
200
170
30
71
16
73
12
23
2
3
94
8
國立中央大學
D
M
544201
機械工程學系碩士班
220
211
9
91
5
110
3
9
1
1
94
8
國立中央大學
D
M
541208
化學工程與材料工程學系碩士班
112
85
27
46
15
36
10
3
2
94
8
國立中央大學
D
M
580108
營建管理研究所碩士班
31
22
9
10
5
10
4
2
94
8
國立中央大學
D
M
541801
環境工程研究所碩士班
50
35
15
16
4
13
10
5
1
1
94
8
國立中央大學
D
M
544220
光機電工程研究所碩士班
36
34
2
20
1
14
1
94
8
國立中央大學
D
M
549902
能源工程研究所碩士班
12
11
1
11
1
94
8
國立中央大學
D
M
541403
材料科學與工程研究所碩士班
15
14
1
14
1
94
8
國立中央大學
D
M
343401
企業管理學系碩士班
133
70
63
29
31
36
26
5
4
2
94
8
國立中央大學
D
M
464105
資訊管理學系碩士班
87
63
24
32
13
30
11
1
94
8
國立中央大學
D
M
301203
產業經濟研究所碩士班
70
33
37
10
17
13
15
8
4
2
1
94
8
國立中央大學
D
M
343403
工業管理研究所碩士班
59
33
26
16
16
16
10
1
94
8
國立中央大學
D
M
343414
人力資源管理研究所碩士班
52
16
36
7
16
7
16
1
4
1
94
8
國立中央大學
D
M
343606
財務金融學系碩士班
63
28
35
14
14
12
20
2
1
94
8
國立中央大學
D
M
301201
經濟學系碩士班
15
10
5
10
5
94
8
國立中央大學
D
M
542201
電機工程學系碩士班
219
206
13
98
7
99
5
8
1
1
94
8
國立中央大學
D
M
464103
資訊工程學系碩士班
175
157
18
65
8
85
7
5
3
2
94
8
國立中央大學
D
M
542221
通訊工程學系碩士班
96
86
10
37
6
46
4
3
94
8
國立中央大學
D
M
464118
網路學習科技研究所碩士班
37
31
6
15
3
14
3
1
1
94
8
國立中央大學
D
M
425205
大氣物理研究所碩士班
48
22
26
9
13
9
12
3
1
1
94
8
國立中央大學
D
M
422204
地球物理研究所碩士班
45
31
14
13
7
12
5
2
2
4
94
8
國立中央大學
D
M
429900
太空科學研究所碩士班
61
52
9
18
6
22
3
7
5
94
8
國立中央大學
D
M
422208
應用地質研究所碩士班
31
24
7
9
5
7
2
7
1
94
8
國立中央大學
D
M
429906
水文科學研究所碩士班
27
21
6
10
3
8
3
3
94
8
國立中央大學
D
M
307217
客家社會文化研究所碩士班
26
5
21
1
8
2
8
2
5
94
8
國立中央大學
D
M
221109
客家語文研究所碩士班
18
4
14
1
8
3
6
94
8
國立中央大學
D
M
301205
客家政治經濟研究所碩士班
20
15
5
7
4
8
1
94
8
國立中央大學
D
M
549988
半導體製程及材料產業研發碩士專班
14
10
4
10
4
94
8
國立中央大學
D
M
549988
資訊工程學系嵌入式系統產業研發碩士專班
21
18
3
18
3
94
8
國立中央大學
SUBT3
碩士在職專班
共計
1232
899
333
370
143
316
106
160
75
34
6
19
3
0
0
0
0
0
0
94
8
國立中央大學
N
M
221101
中國文學系碩士在職專班
72
10
62
4
26
2
18
4
18
94
8
國立中央大學
N
M
227101
哲學研究所碩士在職專班
57
27
30
8
9
7
8
5
10
4
2
3
1
94
8
國立中央大學
N
M
225103
歷史研究所碩士在職專班
80
33
47
14
15
13
14
6
18
94
8
國立中央大學
N
M
542211
光電科學研究所碩士在職專班
54
53
1
16
12
13
1
8
4
94
8
國立中央大學
N
M
541601
土木工程學系碩士在職專班
81
79
2
28
2
29
13
7
2
94
8
國立中央大學
N
M
544201
機械工程學系碩士在職專班
70
67
3
26
1
26
1
15
1
94
8
國立中央大學
N
M
541801
環境工程研究所碩士在職專班
67
56
11
24
5
24
4
8
2
94
8
國立中央大學
N
M
541815
國際永續發展碩士在職專班
5
4
1
4
1
94
8
國立中央大學
N
M
349907
管理學院高階主管企管碩士班
131
109
22
55
13
41
7
11
2
2
94
8
國立中央大學
N
M
343401
企業管理學系碩士在職專班
92
57
35
14
16
20
9
18
8
3
1
2
1
94
8
國立中央大學
N
M
464105
資訊管理學系碩士在職專班
66
57
9
26
5
26
3
2
1
3
94
8
國立中央大學
N
M
301203
產業經濟研究所碩士在職專班
60
44
16
18
8
21
7
5
1
94
8
國立中央大學
N
M
343403
工業管理研究所碩士在職專班
61
50
11
22
5
18
5
10
1
94
8
國立中央大學
N
M
343414
人力資源管理研究所碩士在職專班
57
24
33
8
19
15
13
1
1
94
8
國立中央大學
N
M
343606
財務金融學系碩士在職專班
75
45
30
20
10
14
12
8
5
3
3
94
8
國立中央大學
N
M
542201
電機工程學系碩士在職專班
29
28
1
28
1
94
8
國立中央大學
N
M
464103
資訊工程學系碩士在職專班
92
76
16
25
6
19
5
21
5
7
4
94
8
國立中央大學
N
M
542221
通訊工程學系碩士在職專班
83
80
3
30
1
29
21
2
94
8
國立中央大學
SUBT4
博士班
共計
1327
1078
249
250
64
219
68
193
40
157
42
130
20
70
10
59
5
0
0
94
8
國立中央大學
D
D
221101
中國文學系博士班
45
14
31
2
9
4
9
2
5
3
5
3
1
2
94
8
國立中央大學
D
D
227101
哲學研究所博士班
31
14
17
3
3
2
5
4
2
1
5
2
1
1
1
1
94
8
國立中央大學
D
D
460101
數學系博士班
24
20
4
4
2
5
3
3
1
1
3
1
1
94
8
國立中央大學
D
D
423202
物理學系博士班
40
36
4
9
1
9
2
6
5
1
6
1
94
8
國立中央大學
D
D
421201
化學學系博士班
27
22
5
6
6
2
4
1
1
2
5
94
8
國立中央大學
D
D
420208
生命科學系博士班
5
1
4
1
4
94
8
國立中央大學
D
D
461102
統計研究所博士班
25
20
5
3
2
2
2
6
5
2
2
1
94
8
國立中央大學
D
D
542211
光電科學研究所博士班
76
68
8
20
3
15
2
15
1
9
4
1
4
1
1
94
8
國立中央大學
D
D
425206
天文研究所博士班
18
12
6
2
1
3
3
2
3
1
3
94
8
國立中央大學
D
D
541601
土木工程學系博士班
101
101
0
23
19
17
20
13
4
5
94
8
國立中央大學
D
D
544201
機械工程學系博士班
183
177
6
44
2
44
3
30
20
1
15
14
10
94
8
國立中央大學
D
D
541208
化學工程與材料工程學系博士班
71
66
5
10
2
15
1
8
2
12
6
8
7
94
8
國立中央大學
D
D
541801
環境工程研究所博士班
26
22
4
7
2
2
1
4
3
3
1
3
94
8
國立中央大學
D
D
343401
企業管理學系博士班
100
58
42
13
13
16
6
10
10
11
8
6
2
1
3
1
94
8
國立中央大學
D
D
464105
資訊管理學系博士班
68
46
22
13
2
9
8
5
3
5
6
7
1
5
1
2
1
94
8
國立中央大學
D
D
301203
產業經濟研究所博士班
40
17
23
3
3
4
7
4
4
1
5
2
3
1
2
1
94
8
國立中央大學
D
D
343403
工業管理研究所博士班
16
14
2
3
2
2
4
3
2
94
8
國立中央大學
D
D
343414
人力資源管理研究所博士班
16
5
11
2
4
1
2
2
2
2
1
94
8
國立中央大學
D
D
343606
財務金融學系博士班
22
13
9
5
2
3
4
2
2
2
1
1
94
8
國立中央大學
D
D
301201
經濟學系博士班
4
2
2
2
2
94
8
國立中央大學
D
D
542201
電機工程學系博士班
134
126
8
26
3
23
2
26
1
16
18
11
1
6
1
94
8
國立中央大學
D
D
464103
資訊工程學系博士班
126
119
7
26
2
19
1
21
1
17
1
16
2
11
9
94
8
國立中央大學
D
D
542221
通訊工程學系博士班
16
14
2
5
1
5
4
1
94
8
國立中央大學
D
D
425205
大氣物理研究所博士班
24
19
5
5
1
4
1
3
1
1
1
4
1
2
94
8
國立中央大學
D
D
422204
地球物理研究所博士班
49
43
6
7
1
7
2
7
8
2
7
1
1
6
94
8
國立中央大學
D
D
429900
太空科學研究所博士班
37
27
10
6
3
3
2
8
1
5
1
4
2
1
1
94
8
國立中央大學
D
D
422208
應用地質研究所博士班
3
2
1
2
1